Version: 2.2                                                                                                                                                                                   
      VEID       user       nice     system     uptime                 idle                 strv               uptime                 used               maxlat               totlat   numsched
       411     226491        717     132060 3285700706    26210161824726085                    0     6553974055773327        1048662190354                 3650         226338114797    5752017
       401   67249583     489632   22572109 4338236261    34255745487708270                    0     8653462517795165      207447428522734               467582       16082923270056  197406691
       410   16026706       9222   18526434 5177278679    41204350843326184                    0    10327097073279130       85049493779970              3340983        5213169348273  335039337
       754  103174098    1926162   71940213 11689240246    92525034837058441                    0    23316480763008368      419242854642510               677148      167397395064851  479828221
       120   15019280       6261    5474282 18577464342   148041693949602158                    0    37056393816587062       54570730253740                 2770        2768490501745   94749561
       999     104228      88213     247402 19951782016   159099322150190268                    0    39797739783981853        2248471859303                 2111        1915813554578   22529767
       205    1021826    1396449    3318633 19951791277   159136971190328651                    0    39797758255747547       26265957963179                 4722        3264291880095   71150119
       107     467341          0     496395 19951795169   159164170934401221                    0    39797766019888696       16394932816421                 3615         464368920942   67181288
         1    4703769          0    1538744 19951798782   158992081511979088                    0    39797773225137662       20802850595404                 3635        3241360114101   87020597
