Output values in Mbytes
veid        LowMem  LowMem     RAM MemSwap MemSwap   Alloc   Alloc   Alloc
              util  commit    util    util  commit    util  commit   limit
1             5.36   24.71  121.84  121.84  415.34  171.94   48.71 1151.11
107           2.97   36.51  130.14  130.14  240.51  186.07  300.51  580.51
120           1.59   18.26   18.67   18.67  120.26  112.84  150.26  290.26
401          11.20   73.02  479.77  479.77  481.02  914.88  601.02 3906323.02
411           2.55  146.05   11.98   11.98  962.05  205.14 1202.05 2322.05
410          12.64   73.02  519.06  519.06  481.02 1411.98  601.02 8388681.02
205           2.92   36.51   56.51   56.51  240.51  104.69  300.51  580.51
999           0.91    4.25    3.96    3.96   28.25    7.20   28.25  100.25
754          10.55  146.05  287.96  287.96  962.05  681.62 1592.69 3262.74
-------------------------------------------------------------------------
Summary:     50.68  558.39 1629.89 1629.89 3931.01 3796.35 4825.03 12303291.47
        1464.00 1464.00 7981.00 23983.00 23983.00 23983.00 23983.00 23983.00
